salida_sisim_420x600x400_62500_hybrid_0.00001.txt:0.64user 16.98system 0:19.88elapsed 88%CPU (0avgtext+0avgdata 89708maxresident)k
salida_sisim_420x600x400_62500_hybrid_0.00001.txt:0.70user 16.92system 0:19.75elapsed 89%CPU (0avgtext+0avgdata 89288maxresident)k
salida_sisim_420x600x400_62500_hybrid_0.0001.txt:0.66user 17.27system 0:20.08elapsed 89%CPU (0avgtext+0avgdata 89500maxresident)k
salida_sisim_420x600x400_62500_hybrid_0.0001.txt:0.72user 16.99system 0:19.87elapsed 89%CPU (0avgtext+0avgdata 89632maxresident)k
salida_sisim_420x600x400_62500_hybrid_0.001.txt:0.77user 17.43system 0:20.26elapsed 89%CPU (0avgtext+0avgdata 89228maxresident)k
salida_sisim_420x600x400_62500_hybrid_0.001.txt:0.87user 16.97system 0:19.90elapsed 89%CPU (0avgtext+0avgdata 89572maxresident)k
salida_sisim_420x600x400_62500_hybrid_0.01.txt:1.86user 17.03system 0:20.01elapsed 94%CPU (0avgtext+0avgdata 89368maxresident)k
salida_sisim_420x600x400_62500_hybrid_0.01.txt:1.98user 17.20system 0:20.25elapsed 94%CPU (0avgtext+0avgdata 89376maxresident)k
salida_sisim_420x600x400_62500_hybrid_0.0.txt:0.64user 21.33system 0:26.40elapsed 83%CPU (0avgtext+0avgdata 88772maxresident)k
salida_sisim_420x600x400_62500_hybrid_0.15.txt:2.71user 21.74system 0:26.50elapsed 92%CPU (0avgtext+0avgdata 88940maxresident)k
salida_sisim_420x600x400_62500_hybrid_0.1.txt:12.55user 17.02system 0:21.85elapsed 135%CPU (0avgtext+0avgdata 89316maxresident)k
salida_sisim_420x600x400_62500_hybrid_0.1.txt:12.47user 16.97system 0:20.76elapsed 141%CPU (0avgtext+0avgdata 89568maxresident)k
salida_sisim_420x600x400_62500_hybrid_1.0.txt:0.18user 17.99system 0:20.34elapsed 89%CPU (0avgtext+0avgdata 89620maxresident)k
salida_sisim_420x600x400_62500_hybrid_1.0.txt:0.21user 16.67system 0:19.04elapsed 88%CPU (0avgtext+0avgdata 89504maxresident)k
