salida_sisim_420x600x400_250000_hybrid_0.00001.txt:5.62user 18.32system 0:26.12elapsed 91%CPU (0avgtext+0avgdata 93036maxresident)k
salida_sisim_420x600x400_250000_hybrid_0.00001.txt:5.63user 18.23system 0:26.08elapsed 91%CPU (0avgtext+0avgdata 93392maxresident)k
salida_sisim_420x600x400_250000_hybrid_0.0001.txt:5.78user 18.91system 0:26.82elapsed 92%CPU (0avgtext+0avgdata 93108maxresident)k
salida_sisim_420x600x400_250000_hybrid_0.0001.txt:5.89user 18.46system 0:26.38elapsed 92%CPU (0avgtext+0avgdata 95340maxresident)k
salida_sisim_420x600x400_250000_hybrid_0.001.txt:7.52user 18.66system 0:26.82elapsed 97%CPU (0avgtext+0avgdata 93068maxresident)k
salida_sisim_420x600x400_250000_hybrid_0.001.txt:7.75user 18.32system 0:26.63elapsed 97%CPU (0avgtext+0avgdata 93152maxresident)k
salida_sisim_420x600x400_250000_hybrid_0.01.txt:25.96user 18.32system 0:29.37elapsed 150%CPU (0avgtext+0avgdata 93204maxresident)k
salida_sisim_420x600x400_250000_hybrid_0.01.txt:25.41user 18.28system 0:27.81elapsed 157%CPU (0avgtext+0avgdata 93388maxresident)k
salida_sisim_420x600x400_250000_hybrid_0.05.txt:17.63user 22.06system 0:31.47elapsed 126%CPU (0avgtext+0avgdata 92500maxresident)k
salida_sisim_420x600x400_250000_hybrid_0.0.txt:5.29user 22.80system 0:32.26elapsed 87%CPU (0avgtext+0avgdata 92324maxresident)k
salida_sisim_420x600x400_250000_hybrid_0.15.txt:38.66user 21.56system 0:30.67elapsed 196%CPU (0avgtext+0avgdata 92248maxresident)k
salida_sisim_420x600x400_250000_hybrid_0.1.txt:28.44user 22.04system 0:31.20elapsed 161%CPU (0avgtext+0avgdata 92336maxresident)k
salida_sisim_420x600x400_250000_hybrid_0.25.txt:58.29user 21.76system 0:31.94elapsed 250%CPU (0avgtext+0avgdata 92492maxresident)k
salida_sisim_420x600x400_250000_hybrid_0.2.txt:48.25user 21.26system 0:30.49elapsed 227%CPU (0avgtext+0avgdata 92520maxresident)k
salida_sisim_420x600x400_250000_hybrid_0.35.txt:76.82user 21.46system 0:33.24elapsed 295%CPU (0avgtext+0avgdata 92496maxresident)k
salida_sisim_420x600x400_250000_hybrid_0.3.txt:67.99user 21.39system 0:32.44elapsed 275%CPU (0avgtext+0avgdata 92252maxresident)k
salida_sisim_420x600x400_250000_hybrid_0.4.txt:84.70user 21.48system 0:33.79elapsed 314%CPU (0avgtext+0avgdata 92464maxresident)k
salida_sisim_420x600x400_250000_hybrid_1.0.txt:131.28user 21.46system 0:37.40elapsed 408%CPU (0avgtext+0avgdata 92336maxresident)k
